,month,user_lifetime,user_intake,user_no_outgoing_activity_in_days,user_account_balance_last,user_spendings,user_has_outgoing_calls,user_has_outgoing_sms,user_use_gprs,user_does_reload,reloads_inactive_days,reloads_count,reloads_sum,calls_outgoing_count,calls_outgoing_spendings,calls_outgoing_duration,calls_outgoing_spendings_max,calls_outgoing_duration_max,calls_outgoing_inactive_days,calls_outgoing_to_onnet_count,calls_outgoing_to_onnet_spendings,calls_outgoing_to_onnet_duration,calls_outgoing_to_onnet_inactive_days,calls_outgoing_to_offnet_count,calls_outgoing_to_offnet_spendings,calls_outgoing_to_offnet_duration,calls_outgoing_to_offnet_inactive_days,calls_outgoing_to_abroad_count,calls_outgoing_to_abroad_spendings,calls_outgoing_to_abroad_duration,calls_outgoing_to_abroad_inactive_days,sms_outgoing_count,sms_outgoing_spendings,sms_outgoing_spendings_max,sms_outgoing_inactive_days,sms_outgoing_to_onnet_count,sms_outgoing_to_onnet_spendings,sms_outgoing_to_onnet_inactive_days,sms_outgoing_to_offnet_count,sms_outgoing_to_offnet_spendings,sms_outgoing_to_offnet_inactive_days,sms_outgoing_to_abroad_count,sms_outgoing_to_abroad_spendings,sms_outgoing_to_abroad_inactive_days,sms_incoming_count,sms_incoming_spendings,sms_incoming_from_abroad_count,sms_incoming_from_abroad_spendings,gprs_session_count,gprs_usage,gprs_spendings,gprs_inactive_days,last_100_reloads_count,last_100_reloads_sum,last_100_calls_outgoing_duration,last_100_calls_outgoing_to_onnet_duration,last_100_calls_outgoing_to_offnet_duration,last_100_calls_outgoing_to_abroad_duration,last_100_sms_outgoing_count,last_100_sms_outgoing_to_onnet_count,last_100_sms_outgoing_to_offnet_count,last_100_sms_outgoing_to_abroad_count,last_100_gprs_usage
month,1.0,0.10305354720994954,0.0381480268921897,-0.13468672262862097,-0.030070803168248655,-0.03409630963922224,0.024675672806902468,-0.038265623842266734,0.006426421528627401,0.04210401461582385,-0.03146430517342453,-0.007909970957360197,-0.050666290965516454,-0.035720911597427504,-0.036551183275683574,-0.038770233943245795,-0.023022081359378298,-0.039661773074831506,0.04757717517653788,0.018193749908707226,0.00858340232596739,0.013334071381242818,0.04757717517653788,-0.0478370154386789,-0.04628239414239261,-0.04327875546889352,0.04757717517653788,0.03455603144153928,0.010491738458376872,0.014049849395922923,0.04757717517653788,-0.01244248820414171,-0.01485921667304474,-0.009559309689642897,0.07243704292002899,-0.012988365729058635,-0.02490883407512742,0.07243704292002899,-0.01024495810081028,-0.010292636103673536,0.07243704292002899,0.02838333243237686,0.016994097314288262,0.07243704292002899,-0.09826264794093491,0.006458032712906619,0.02902559659746528,0.041328044421928625,0.025764259689537446,0.027004247700712816,0.0016869284072030593,0.06884810808278788,-0.001101381844527619,-0.03255003098596915,-0.040853496648068414,0.02480508111444398,-0.05125179004360681,0.025282058060081495,-0.0179997687040826,-0.01323108969430693,-0.013411552699131425,0.03084161107387221,0.019985474894439578
user_lifetime,0.10305354720994954,1.0,0.22401971675793042,0.33233451311225093,-0.20167427892246684,-0.15798921389710974,-0.5359753257824491,-0.4218074400084078,-0.07100713852418626,-0.02342309435898904,0.125740661273911,-0.0904191493346115,-0.12622953921958344,-0.1902527605671471,-0.14063630343860636,-0.1521719974108282,-0.17358656169175665,-0.2168154372197532,0.6176188362711592,-0.053457374567434046,-0.03166794661373187,-0.029380961380514634,0.6176188362711592,-0.15500174700306288,-0.15105895229080318,-0.1424058861902046,0.6176188362711592,-0.06834043422196415,-0.04002026517885834,-0.03667391946099685,0.6176188362711592,-0.12746396403783578,-0.09682130967512682,-0.10619781610490742,0.5583850005127096,-0.07839701133756564,-0.07248295912228142,0.5583850005127096,-0.10006123353773899,-0.10688873494258257,0.5583850005127096,-0.05944720273558653,-0.059320153477821755,0.5583850005127096,-0.18270083807883358,-0.02872658373046646,-0.13085399325308017,-0.030596190336411935,-0.026482325185756213,-0.020589152710501605,-0.022580140287420135,0.1125870739500644,-0.16420900279050898,-0.18771908299206533,-0.1822861752730027,-0.03581290033325691,-0.17316851442235226,-0.04160180697788699,-0.15444140772200612,-0.08807065892167665,-0.12891137352974424,-0.07265329343624082,-0.03329393675413433
user_intake,0.0381480268921897,0.22401971675793042,1.0,-0.027702649393413305,-0.0005237082205624552,0.006210270103535893,0.05279848394226387,0.05886000729649369,0.03006093638515157,0.16133776984431786,-0.10311044231248388,0.06848566300427365,0.10768296299377023,0.005397023562310257,0.002462791966457752,-0.0062739116144166565,0.01560137909403706,0.005825515478942664,-0.032582244971563305,-0.005714388849109364,-0.0006096498639494948,-0.0009170870391437113,-0.032582244971563305,-0.007083600160940292,-0.01585303260241155,-0.017362694669324552,-0.032582244971563305,-0.005787861478474657,-0.0013469753107606757,-0.0035821126535839935,-0.032582244971563305,0.004410239323443254,0.008362089581781758,0.00347518086421531,-0.022708171342618447,-0.0008358444912967335,-0.003531016706248002,-0.022708171342618447,0.017593702531262103,0.019448672557650534,-0.022708171342618447,-0.01572184306580914,-0.013558658683914888,-0.022708171342618447,0.05670065393208219,-0.0022297802360930563,-0.0360284416553954,-0.01292049355118165,-0.0016809454984204118,-0.0029849505010194717,0.0017536297368550085,0.00422094485235174,-0.017516753044745776,-0.02164121321849463,-0.06132166507431638,-0.010762498517016824,-0.06274849378662549,-0.013719078495781951,-0.046368342214078796,-0.026727458690962304,-0.032186103118992844,-0.02860849279739375,-0.009644836536142653
user_no_outgoing_activity_in_days,-0.13468672262862097,0.33233451311225093,-0.027702649393413305,1.0,-0.09930052733394326,-0.0920253638497081,-0.5017123555594469,-0.2627025614682081,-0.04457835674913025,-0.18661468232897988,0.28443499563266145,-0.11458235104233751,-0.09144562981322961,-0.11283474687308935,-0.08279812508282515,-0.08969239121336793,-0.10525847661840716,-0.13075707077833276,0.6138158185322634,-0.03105290195673963,-0.018927278735934003,-0.01781920272873224,0.6138158185322634,-0.09111535127007336,-0.08903723049143461,-0.08288108989262524,0.6138158185322634,-0.03817924683682326,-0.023195601446651087,-0.021703008271123966,0.6138158185322634,-0.0737320829598666,-0.05574988091655864,-0.06486822019217714,0.3184599061172513,-0.04292549076430302,-0.038187891750650065,0.3184599061172513,-0.05741982107494611,-0.061811888952357695,0.3184599061172513,-0.03342788657594722,-0.03331914302401112,0.3184599061172513,-0.11665183801161566,-0.017941326673009465,-0.06959209350773012,-0.014694222826189679,-0.014054688123975886,-0.010742562787269726,-0.011902034784028194,0.048448434266790075,-0.10895662885349,-0.10616607060190453,-0.09852174187946859,-0.02080542983877874,-0.09303898333560749,-0.023992955916563218,-0.08240477927363929,-0.045088777289244646,-0.06690940390439962,-0.04027694334548101,-0.0158665591364099
user_account_balance_last,-0.030070803168248655,-0.20167427892246684,-0.0005237082205624552,-0.09930052733394326,1.0,0.10945811649909228,0.16096211790474466,0.17858592344829616,0.04029429662328933,0.0928783031297922,-0.09755302421156388,0.02973474270562836,0.24468743634608975,0.016083845591471503,0.1260225958861486,0.11157614969334868,0.1338497087863863,0.16044802563918834,-0.16646331958922694,0.12871968213951057,0.13172527698042708,0.12998951974195844,-0.16646331958922694,-0.026246440770931204,0.032658678943608487,0.0300036646042262,-0.16646331958922694,0.0968986911457151,0.13854403440345706,0.13939579792076714,-0.16646331958922694,0.015735942924360268,0.02677826408949438,0.05015033362508496,-0.19714777676633333,0.021846961203609627,-0.02274707142484196,-0.19714777676633333,0.00536438092233211,0.012464909273865465,-0.19714777676633333,0.10614893762387581,0.10875662976695205,-0.19714777676633333,0.025368527055440366,0.0019986668223589644,0.08387869689957259,0.005260195636782925,0.03199223233589374,0.028016835505284138,0.00425572559282187,-0.024969625028520584,0.0897615714920183,0.23082061142228447,0.14161761703680067,0.1653884675070986,0.07003980375333498,0.16242958816188818,0.01261033598875664,0.01580178150000671,0.004345526215767762,0.11766146520081039,0.028932416291029765
user_spendings,-0.03409630963922224,-0.15798921389710974,0.006210270103535893,-0.0920253638497081,0.10945811649909228,1.0,0.16651034108872725,0.2748890779225291,0.2124736175967007,0.3387021206345252,-0.2676868858725682,0.6671927830755822,0.8480725898313216,0.5827790376668335,0.833929986939721,0.7601341503688109,0.5208066427404404,0.5025937731409494,-0.13988927272527257,0.2566289197117398,0.2698646475268088,0.2640631779904,-0.13988927272527257,0.4733883577461358,0.5681835392124001,0.5064296208082089,-0.13988927272527257,0.24624782133662743,0.30235211856386246,0.2856913208650726,-0.13988927272527257,0.45763364736901746,0.5774696460235189,0.22919244852628506,-0.23436879374339223,0.12258434197867929,0.09479646868126143,-0.23436879374339223,0.3601003944673092,0.39651242723967145,-0.23436879374339223,0.23664059683534425,0.23155617337858334,-0.23436879374339223,0.42900132286719544,0.12746179382796266,0.09958280468875186,0.019420074272726975,0.11887167290929004,0.09243047865574007,0.3387182855485119,-0.19489423798211208,0.6914853064361804,0.8314077555132745,0.6862694862716134,0.23964428644764987,0.45805950685674685,0.25838320073021187,0.44114379505744095,0.11544573194873683,0.34608134116957295,0.23529946876469188,0.1253409921033074
user_has_outgoing_calls,0.024675672806902468,-0.5359753257824491,0.05279848394226387,-0.5017123555594469,0.16096211790474466,0.16651034108872725,1.0,0.41417717881773075,0.07587075485188159,0.1280081819860207,-0.19541754672053704,0.13733537989791145,0.16406356007470604,0.2139216097091118,0.15654690446832636,0.16951103070454404,0.20139428813751892,0.2503194307395297,-0.7839862096134699,0.058761213458426276,0.03570244013893368,0.03357481475129244,-0.7839862096134699,0.1723829263456063,0.16828737172643474,0.15655205251442786,-0.7839862096134699,0.07244919055994668,0.04390460525825438,0.04101523901991103,-0.7839862096134699,0.1216947313962228,0.08983275705531837,0.1069345621312168,-0.4705535939138909,0.06851229500570269,0.06394102655068991,-0.4705535939138909,0.08976418051276923,0.09551628104700499,-0.4705535939138909,0.05733110525494014,0.0566721563393226,-0.4705535939138909,0.20420154593048176,0.03315744402471023,0.11372129171653021,0.025882866825611625,0.02553020819243929,0.01944267082183693,0.02119761151593114,-0.08760326172425231,0.1694946074031734,0.18180563677108041,0.1799794131638372,0.03783956381235538,0.17023574715946124,0.04231094496380836,0.13266653828513716,0.07217195610178431,0.10323304254665641,0.06566437180111413,0.02760189806669312
user_has_outgoing_sms,-0.038265623842266734,-0.4218074400084078,0.05886000729649369,-0.2627025614682081,0.17858592344829616,0.2748890779225291,0.41417717881773075,1.0,0.13357298819818703,0.35120385527486175,-0.40369304593122596,0.28037054660589256,0.2766995356860287,0.2755063714979474,0.22231001550419469,0.23305608668571406,0.2531747413693003,0.30342517622870985,-0.3754302294825985,0.08381645484604053,0.05248613543894342,0.04955887620111826,-0.3754302294825985,0.23651165097667548,0.23850923040143668,0.21329971088092098,-0.3754302294825985,0.10502287222872987,0.06675373204941831,0.062339674234854064,-0.3754302294825985,0.27262234281873465,0.20644350681769105,0.24453642489305522,-0.8040933805976099,0.1589814951369726,0.14174179250380073,-0.8040933805976099,0.21270660857248624,0.228690097476449,-0.8040933805976099,0.12360031721767528,0.1235119769459645,-0.8040933805976099,0.3000554878363826,0.0637041422520173,0.18810231473787695,0.0434638459118492,0.04869797017056288,0.03775276296416724,0.03849236789773697,-0.14419147097160534,0.28896541983260704,0.28862475979517693,0.23452242885689742,0.050052476239955006,0.220807657328687,0.062449074002196715,0.2856109846682097,0.16074204754331012,0.22966065116617795,0.1422978795160225,0.04418165273956756
user_use_gprs,0.006426421528627401,-0.07100713852418626,0.03006093638515157,-0.04457835674913025,0.04029429662328933,0.2124736175967007,0.07587075485188159,0.13357298819818703,1.0,0.13170853188405027,-0.1009904085656927,0.19286809855473477,0.17278575715610234,0.12163295743337867,0.09041050708937845,0.09819182681558948,0.06997560855603653,0.08668329052804812,-0.06527595656607742,0.005437834241372657,0.00510775240956297,0.006488091922764385,-0.06527595656607742,0.09124134048755364,0.07662138633947037,0.06755012702409544,-0.06527595656607742,0.015183815344564781,0.0033086752698632143,0.0032431401457730766,-0.06527595656607742,0.1435002931962437,0.14248964962231822,0.11702453823792204,-0.11370211545821947,0.07991421676849686,0.064450646290403,-0.11370211545821947,0.08866523544021088,0.0948319242326387,-0.11370211545821947,0.012823482052467505,0.01207295350670162,-0.11370211545821947,0.22253381481577283,0.07469811044099917,0.01849209168694689,0.012812955947535667,0.3068942930967855,0.23421255930421872,0.2616365918968985,-0.7565569478242828,0.18754715345907857,0.1824885597057283,0.10175070830658381,0.009072167095852488,0.07888281170440092,0.004003331814888111,0.14380333016007907,0.08035672528939285,0.0826921610795975,0.0228825441803298,0.2999471881122129
user_does_reload,0.04210401461582385,-0.02342309435898904,0.16133776984431786,-0.18661468232897988,0.0928783031297922,0.3387021206345252,0.1280081819860207,0.35120385527486175,0.13170853188405027,1.0,-0.6416340387636986,0.6049963213488944,0.4809396706023638,0.34963114069730183,0.3071576676244065,0.3241222445672483,0.30320719998338835,0.3385924331246349,-0.016599486322558293,0.08731816747346229,0.06252305731618624,0.05768950570052115,-0.016599486322558293,0.30566306391405096,0.3193157057382835,0.2991030073346921,-0.016599486322558293,0.10762500268644518,0.07763151868181396,0.07060694541376233,-0.016599486322558293,0.26751562042283583,0.19438961180190056,0.1515044451083435,-0.2555900228772407,0.12367027597211006,0.11192247634572386,-0.2555900228772407,0.19659414713488893,0.20873752404550716,-0.2555900228772407,0.09752953402501656,0.09930986488187078,-0.2555900228772407,0.29227777359522866,0.07297953166385475,0.0892266962892575,0.032116029983293826,0.06383138668812437,0.05031378556040948,0.05402393970206681,-0.1217606553384756,0.4097776859051773,0.36865640520993775,0.3165405343625878,0.05766042281574627,0.3019050067411296,0.06658239563663788,0.2649869241636978,0.1254245054988134,0.1984051346717823,0.10140009379734595,0.06013473711298218
reloads_inactive_days,-0.03146430517342453,0.125740661273911,-0.10311044231248388,0.28443499563266145,-0.09755302421156388,-0.2676868858725682,-0.19541754672053704,-0.40369304593122596,-0.1009904085656927,-0.6416340387636986,1.0,-0.39307055028375654,-0.31135493673348125,-0.28355925756860917,-0.24094675281640657,-0.2540528751377742,-0.26422868066734867,-0.30106975107104006,0.09707605789619754,-0.08059262380579661,-0.05350192409335319,-0.04968483881595634,0.09707605789619754,-0.24349402862382727,-0.25423920300096603,-0.23462763411292975,0.09707605789619754,-0.10071883124720231,-0.06606732349356306,-0.06148025621932853,0.09707605789619754,-0.21751780466298962,-0.16074140085217384,-0.1445207463379614,0.39981997697147587,-0.11285794670546558,-0.09524474460384356,0.39981997697147587,-0.163755593448956,-0.1762699173016095,0.39981997697147587,-0.09402116975302922,-0.09280575746584668,0.39981997697147587,-0.25106806750072946,-0.05450813751154956,-0.12258029575732175,-0.032396119887802874,-0.04463241427166069,-0.03516729231193561,-0.03652378497503011,0.12056903756768245,-0.370547101528779,-0.357777489442477,-0.2839761844659574,-0.057683867962984116,-0.2692639129045055,-0.06862224866459218,-0.24394986565325172,-0.12334980430992817,-0.19055772364903548,-0.11312224836512468,-0.04910715036075729
reloads_count,-0.007909970957360197,-0.0904191493346115,0.06848566300427365,-0.11458235104233751,0.02973474270562836,0.6671927830755822,0.13733537989791145,0.28037054660589256,0.19286809855473477,0.6049963213488944,-0.39307055028375654,1.0,0.7293533999641996,0.630033099798701,0.6014011249699782,0.6147760613506795,0.3524236875984002,0.38254673389972677,-0.0825319917553443,0.10102201420898906,0.07040764316356936,0.06875783910952041,-0.0825319917553443,0.5659147531546587,0.5962594361727239,0.5390720044358562,-0.0825319917553443,0.12074031524873728,0.08791633798270007,0.0842197562595483,-0.0825319917553443,0.4211950388261765,0.3863916680985017,0.18227499494139054,-0.22107074445311078,0.149968766540091,0.14396588188802348,-0.22107074445311078,0.3203745212147977,0.34719126479654466,-0.22107074445311078,0.09426011249678128,0.09292088562585674,-0.22107074445311078,0.4884208999965527,0.21248942255392425,0.04776829271459949,0.012195687740072476,0.1107314889161487,0.08611390827822558,0.11041356752538511,-0.18236499204458692,0.7944399454703996,0.6366887408398665,0.5618168967347827,0.06769520726502735,0.4912210539856302,0.07889258715274824,0.4047361218403328,0.1536531490189072,0.31239149747276085,0.0944561003602905,0.12016317903479926
reloads_sum,-0.050666290965516454,-0.12622953921958344,0.10768296299377023,-0.09144562981322961,0.24468743634608975,0.8480725898313216,0.16406356007470604,0.2766995356860287,0.17278575715610234,0.4809396706023638,-0.31135493673348125,0.7293533999641996,1.0,0.5263784971341441,0.7438546294059484,0.6774278023119412,0.4558273095269644,0.4359281485039483,-0.13694175131336828,0.21698679079127184,0.21851360958853103,0.2139289979071087,-0.13694175131336828,0.4145827349663978,0.4985727845099719,0.4437283442050723,-0.13694175131336828,0.21817910395500326,0.24951169844697202,0.23536713566384831,-0.13694175131336828,0.41693340376839644,0.5347685264905281,0.22319016350576926,-0.2311078858196701,0.10978010955228269,0.06935608948879302,-0.2311078858196701,0.3239176647009962,0.3569189805029206,-0.2311078858196701,0.20549151541812374,0.2054708129254878,-0.2311078858196701,0.42017954887883313,0.2193586252890124,0.09216185282170401,0.020897091975299032,0.04899943533104701,0.032828459994172846,0.1264711579348211,-0.1616799680444881,0.6871911785406829,0.833479158552087,0.6417020152014892,0.22675775072923163,0.4325661454362325,0.24334097251273837,0.4019470388959969,0.10435617222960508,0.3173126686232478,0.2120131592566903,0.06362402555157178
calls_outgoing_count,-0.035720911597427504,-0.1902527605671471,0.005397023562310257,-0.11283474687308935,0.016083845591471503,0.5827790376668335,0.2139216097091118,0.2755063714979474,0.12163295743337867,0.34963114069730183,-0.28355925756860917,0.630033099798701,0.5263784971341441,1.0,0.6387789721806594,0.6955518593204485,0.3629138911464873,0.42696677636090735,-0.17334480097209168,0.1953509788757456,0.12157926338242167,0.12266545566557799,-0.17334480097209168,0.8231145990509974,0.698493569287194,0.6608651324632925,-0.17334480097209168,0.2719304808756939,0.15046896534071957,0.15616683279135044,-0.17334480097209168,0.2805561157174403,0.1777886070882836,0.09995676393760328,-0.24964875512881976,0.09298126347860652,0.07125977643662404,-0.24964875512881976,0.18248996037425025,0.19368924119013636,-0.24964875512881976,0.1033985402409187,0.09675241521364811,-0.24964875512881976,0.45645812826203397,0.07900930453232721,0.07982654912527372,0.012146392160227892,0.040205945723298595,0.030137513803360237,0.050866161077211085,-0.13418247725288202,0.5958534893937478,0.530174046131532,0.6294597318774607,0.11030728642658558,0.6020081471426036,0.13781760399177395,0.2826282315318235,0.08849002001006934,0.1845479578295544,0.10619085818783046,0.06270652470906932
calls_outgoing_spendings,-0.036551183275683574,-0.14063630343860636,0.002462791966457752,-0.08279812508282515,0.1260225958861486,0.833929986939721,0.15654690446832636,0.22231001550419469,0.09041050708937845,0.3071576676244065,-0.24094675281640657,0.6014011249699782,0.7438546294059484,0.6387789721806594,1.0,0.8988059864226854,0.6212297400839644,0.5871346345534082,-0.12699334939248713,0.29684457361770783,0.320508396362084,0.312280401890017,-0.12699334939248713,0.543647507893964,0.6707735387270094,0.6030944428217939,-0.12699334939248713,0.2734372533459073,0.3544180900589743,0.32817592589423994,-0.12699334939248713,0.21281012618906928,0.14324109253321995,0.08518922682072862,-0.19419738181124033,0.057388098120451314,0.033230584569667904,-0.19419738181124033,0.11086885210398346,0.12186618120046515,-0.19419738181124033,0.19019711589034152,0.17871103786721743,-0.19419738181124033,0.3090608873308936,0.07133073997910468,0.09519226513875591,0.01582571745589744,0.020394870779214716,0.014956432161171845,0.02344905150631066,-0.10015907285623117,0.6321780448882058,0.7413154830576805,0.7980843826678492,0.2840254427776604,0.529538677038741,0.2988459680074207,0.21250569264837432,0.05132547232032645,0.10874169738724516,0.19603546300500257,0.027107495344323114
calls_outgoing_duration,-0.038770233943245795,-0.1521719974108282,-0.0062739116144166565,-0.08969239121336793,0.11157614969334868,0.7601341503688109,0.16951103070454404,0.23305608668571406,0.09819182681558948,0.3241222445672483,-0.2540528751377742,0.6147760613506795,0.6774278023119412,0.6955518593204485,0.8988059864226854,1.0,0.4851241911410414,0.6594422285093339,-0.1375462653974186,0.23571223949387035,0.24175470297788432,0.24801509513123882,-0.1375462653974186,0.6427470338649679,0.7507053265312157,0.7980353189219902,-0.1375462653974186,0.2233264126914308,0.26359385619656256,0.279010591332217,-0.1375462653974186,0.2294034574851705,0.1476984116554819,0.0774789727281539,-0.2033465921042518,0.06546148292791222,0.04895437864508808,-0.2033465921042518,0.12493677119616975,0.13512531114146356,-0.2033465921042518,0.1616572409155879,0.14556826114441793,-0.2033465921042518,0.3375092971410723,0.06174283845350867,0.0674776116185621,0.013243125671432477,0.02494074783495057,0.018182644081512725,0.027605829988094837,-0.10470468674453755,0.6376269276462057,0.6925823372231763,0.8868634166697034,0.22913940414757908,0.7016003474598254,0.25339165304800215,0.22858442281517577,0.062228976785044805,0.12163652664622808,0.16658502819047477,0.02604367925769256
calls_outgoing_spendings_max,-0.023022081359378298,-0.17358656169175665,0.01560137909403706,-0.10525847661840716,0.1338497087863863,0.5208066427404404,0.20139428813751892,0.2531747413693003,0.06997560855603653,0.30320719998338835,-0.26422868066734867,0.3524236875984002,0.4558273095269644,0.3629138911464873,0.6212297400839644,0.4851241911410414,1.0,0.7127009585301867,-0.1621005442890279,0.18832653383026612,0.20420398932788897,0.1714534715544311,-0.1621005442890279,0.26642632819232365,0.4011222736317671,0.34979387827648684,-0.1621005442890279,0.17865332702877731,0.23839636130293537,0.17137437178383366,-0.1621005442890279,0.14303202718437139,0.08944887542905462,0.09984686318253971,-0.22904759040641737,0.06697575729671953,0.02798741933876732,-0.22904759040641737,0.07065114396890179,0.07717750614352072,-0.22904759040641737,0.12351468236979485,0.1285892542238137,-0.22904759040641737,0.24264612692405885,0.0812065019418906,0.14111459190622672,0.048490743672993435,0.026714989334323314,0.021659154769825818,0.02298563765963804,-0.07865286111031262,0.36485625597716,0.4550863761918459,0.4468154768783575,0.15398497062415809,0.32933967419062876,0.14959681211397224,0.13710241872001608,0.054781535295045446,0.07040547398505928,0.12411000895578732,0.030690527915774885
calls_outgoing_duration_max,-0.039661773074831506,-0.2168154372197532,0.005825515478942664,-0.13075707077833276,0.16044802563918834,0.5025937731409494,0.2503194307395297,0.30342517622870985,0.08668329052804812,0.3385924331246349,-0.30106975107104006,0.38254673389972677,0.4359281485039483,0.42696677636090735,0.5871346345534082,0.6594422285093339,0.7127009585301867,1.0,-0.2013176065520186,0.156313198778617,0.14946144863583538,0.1509305525034622,-0.2013176065520186,0.3590233368063935,0.5454186897358166,0.5756177981156788,-0.2013176065520186,0.1584741942774809,0.17369799973518085,0.18598424605231068,-0.2013176065520186,0.17747405059778992,0.10079656434574763,0.07891110178689088,-0.2798915990463625,0.07480103138025557,0.05596622075320775,-0.2798915990463625,0.0967516908452967,0.1042983217987973,-0.2798915990463625,0.13289273461840892,0.12119636477134123,-0.2798915990463625,0.2550321568775547,0.051404550281050086,0.10999299255412678,0.042518651332470944,0.03409676571021497,0.028574629279714638,0.03159195165237933,-0.09027186339869019,0.3907534450295833,0.45746573829961207,0.5978280542250395,0.1406458722587789,0.5235969787011694,0.15929460669551757,0.17744416597354076,0.0728802211891631,0.09890789157790658,0.133203487118338,0.029230409240415933
calls_outgoing_inactive_days,0.04757717517653788,0.6176188362711592,-0.032582244971563305,0.6138158185322634,-0.16646331958922694,-0.13988927272527257,-0.7839862096134699,-0.3754302294825985,-0.06527595656607742,-0.016599486322558293,0.09707605789619754,-0.0825319917553443,-0.13694175131336828,-0.17334480097209168,-0.12699334939248713,-0.1375462653974186,-0.1621005442890279,-0.2013176065520186,1.0,-0.047611888169768364,-0.028952485152870324,-0.027261687893261985,0.9999999999999999,-0.13979221809883333,-0.13656992357401973,-0.12710558187384283,0.9999999999999999,-0.05863433533140262,-0.03555677312968223,-0.03325297549260436,0.9999999999999999,-0.11014978702389265,-0.082984221392789,-0.09558913492434801,0.472489058091054,-0.0644515709072697,-0.057608542268714216,0.472489058091054,-0.08509633621157062,-0.09134153887621536,0.472489058091054,-0.05003436203525128,-0.04994052830656352,0.472489058091054,-0.1769681539200157,-0.02719378101020455,-0.10559103947727436,-0.021266992737497527,-0.02110681464758915,-0.01613273685158215,-0.017896588999621516,0.09154384863958713,-0.1429089715845571,-0.1611596750563309,-0.15160331471159028,-0.03196664169008611,-0.14310149489864168,-0.03683620535444317,-0.1237864230982277,-0.06793047211794563,-0.09985373485429962,-0.06023913107209579,-0.024028842094910442
calls_outgoing_to_onnet_count,0.018193749908707226,-0.053457374567434046,-0.005714388849109364,-0.03105290195673963,0.12871968213951057,0.2566289197117398,0.058761213458426276,0.08381645484604053,0.005437834241372657,0.08731816747346229,-0.08059262380579661,0.10102201420898906,0.21698679079127184,0.1953509788757456,0.29684457361770783,0.23571223949387035,0.18832653383026612,0.156313198778617,-0.047611888169768364,1.0,0.7824742106498078,0.7858608004594014,-0.04761188816976836,0.039303099968178906,0.027643453985916833,0.022735401719198935,-0.04761188816976836,0.7209085481280403,0.7797609286542782,0.7622202213177939,-0.04761188816976836,0.05243647390152624,0.06545312602935954,0.03735959101833284,-0.07128596846145371,0.0008713731366144759,-0.016897361927586816,-0.07128596846145371,-0.0067520145944999195,-0.006365585908038622,-0.07128596846145371,0.5010371612720712,0.4541343799910979,-0.07128596846145371,0.0894484195604256,0.0064209673643215864,0.3127979070922867,0.04998027561551036,-0.0011889780295952796,-0.0012902728712333147,0.0024479661589149383,-0.0010392761360728138,0.13723780630717308,0.21464955412653805,0.2058534804488484,0.6758741010339623,0.05807340088355956,0.655487512664766,0.056622636042836696,0.0051205718850708595,0.006933187844952846,0.44618898624890135,0.007427162900815875
calls_outgoing_to_onnet_spendings,0.00858340232596739,-0.03166794661373187,-0.0006096498639494948,-0.018927278735934003,0.13172527698042708,0.2698646475268088,0.03570244013893368,0.05248613543894342,0.00510775240956297,0.06252305731618624,-0.05350192409335319,0.07040764316356936,0.21851360958853103,0.12157926338242167,0.320508396362084,0.24175470297788432,0.20420398932788897,0.14946144863583538,-0.028952485152870324,0.7824742106498078,1.0,0.9755789499705794,-0.028952485152870328,-0.0007325139967310026,0.008334834789302824,0.005674195393634946,-0.028952485152870328,0.5552656462413234,0.9440376409597229,0.8825828928474838,-0.028952485152870328,0.042983639434945216,0.05822057737398053,0.021812767178502675,-0.04402787993473849,0.006426982051834533,-0.007483543136795331,-0.04402787993473849,-0.007319954293153033,-0.007219904940886349,-0.04402787993473849,0.46312288142631275,0.41695507772510065,-0.04402787993473849,0.05233649160202679,0.008797930156756171,0.2244116387205247,0.04584329824445434,-0.002641177415056611,-0.002097734413782885,-0.0025217322873933145,0.001086944274801047,0.10427485027505155,0.20300180143654786,0.19229049962315098,0.8553539690961235,0.029699487038552245,0.8026603898284339,0.04862121671222055,0.004660094241442379,0.0030981769367687414,0.4673746750285248,-0.0006781981250306376
calls_outgoing_to_onnet_duration,0.013334071381242818,-0.029380961380514634,-0.0009170870391437113,-0.01781920272873224,0.12998951974195844,0.2640631779904,0.03357481475129244,0.04955887620111826,0.006488091922764385,0.05768950570052115,-0.04968483881595634,0.06875783910952041,0.2139289979071087,0.12266545566557799,0.312280401890017,0.24801509513123882,0.1714534715544311,0.1509305525034622,-0.027261687893261985,0.7858608004594014,0.9755789499705794,1.0,-0.027261687893261985,-0.00039585105557479126,0.008951422137249284,0.0062920735644088205,-0.027261687893261985,0.5559362740177503,0.9146224918540468,0.9030828827968059,-0.027261687893261985,0.044388277927145864,0.05899896847992425,0.01739202345333511,-0.041994474372866006,0.007051880435253085,-0.006719660481037045,-0.041994474372866006,-0.006734147829624981,-0.006575968668742315,-0.041994474372866006,0.4700960119458186,0.4178074618665604,-0.041994474372866006,0.04860345195715361,0.011664670567245098,0.20891517756994388,0.04555567781462487,-0.0024331855804524366,-0.0020121795476863978,-0.0021523659152470707,-0.00011586213160511901,0.10381720358538413,0.2005197840768139,0.19715019708669437,0.8825552697638311,0.029305459335906076,0.8289001046499473,0.050371435705755585,0.00550775646258333,0.0037273561168480597,0.4799765079271161,-0.00045110750780952974
calls_outgoing_to_onnet_inactive_days,0.04757717517653788,0.6176188362711592,-0.032582244971563305,0.6138158185322634,-0.16646331958922694,-0.13988927272527257,-0.7839862096134699,-0.3754302294825985,-0.06527595656607742,-0.016599486322558293,0.09707605789619754,-0.0825319917553443,-0.13694175131336828,-0.17334480097209168,-0.12699334939248713,-0.1375462653974186,-0.1621005442890279,-0.2013176065520186,0.9999999999999999,-0.04761188816976836,-0.028952485152870328,-0.027261687893261985,1.0,-0.13979221809883333,-0.13656992357401973,-0.12710558187384283,0.9999999999999999,-0.05863433533140262,-0.03555677312968223,-0.03325297549260436,0.9999999999999999,-0.11014978702389265,-0.082984221392789,-0.09558913492434801,0.472489058091054,-0.0644515709072697,-0.057608542268714216,0.472489058091054,-0.08509633621157062,-0.09134153887621536,0.472489058091054,-0.05003436203525128,-0.04994052830656352,0.472489058091054,-0.1769681539200157,-0.02719378101020455,-0.10559103947727436,-0.021266992737497527,-0.02110681464758915,-0.01613273685158215,-0.017896588999621516,0.09154384863958713,-0.1429089715845571,-0.1611596750563309,-0.15160331471159028,-0.03196664169008611,-0.14310149489864168,-0.03683620535444317,-0.1237864230982277,-0.06793047211794563,-0.09985373485429962,-0.06023913107209579,-0.024028842094910442
calls_outgoing_to_offnet_count,-0.0478370154386789,-0.15500174700306288,-0.007083600160940292,-0.09111535127007336,-0.026246440770931204,0.4733883577461358,0.1723829263456063,0.23651165097667548,0.09124134048755364,0.30566306391405096,-0.24349402862382727,0.5659147531546587,0.4145827349663978,0.8231145990509974,0.543647507893964,0.6427470338649679,0.26642632819232365,0.3590233368063935,-0.13979221809883333,0.039303099968178906,-0.0007325139967310026,-0.00039585105557479126,-0.13979221809883333,1.0,0.7869037311559195,0.7657364779691483,-0.13979221809883333,0.04640642729595515,0.0026326469641461516,0.006022422190187699,-0.13979221809883333,0.2218988703305102,0.11036871094840107,0.07650446994121655,-0.210996950181102,0.06990375052911511,0.07459817487446048,-0.210996950181102,0.135006457442864,0.14258727877295554,-0.210996950181102,-0.004478227050197128,-0.004251554413265956,-0.210996950181102,0.3924003562491892,0.058741398835870255,-0.0028304107430422516,-0.0035971471279914354,0.018730044363634568,0.013110989825108757,0.030129998251426354,-0.11485312605996752,0.5182445660101624,0.41761376507879455,0.5695468288807908,0.0014352737553959996,0.6699058901206769,0.009759923420356588,0.2214777094422759,0.06585848927944274,0.13030592979344002,0.008554779470885024,0.03564433479639573
calls_outgoing_to_offnet_spendings,-0.04628239414239261,-0.15105895229080318,-0.01585303260241155,-0.08903723049143461,0.032658678943608487,0.5681835392124001,0.16828737172643474,0.23850923040143668,0.07662138633947037,0.3193157057382835,-0.25423920300096603,0.5962594361727239,0.4985727845099719,0.698493569287194,0.6707735387270094,0.7507053265312157,0.4011222736317671,0.5454186897358166,-0.13656992357401973,0.027643453985916833,0.008334834789302824,0.008951422137249284,-0.13656992357401973,0.7869037311559195,1.0,0.9040816999765038,-0.13656992357401973,0.031144270890958684,0.007118200452391398,0.00794124074834453,-0.13656992357401973,0.22649647465375455,0.11375736625318224,0.07770413923828734,-0.21082548430856787,0.068334278953396,0.06600666534004064,-0.21082548430856787,0.13805741945929204,0.15007598958187057,-0.21082548430856787,0.0026393838385386447,0.0034085934605974965,-0.21082548430856787,0.32190815398029715,0.06782601967474419,-0.007094365272800173,0.0010397402640649933,0.010641180122709537,0.00680121271531388,0.018251961675178088,-0.09524056054419373,0.5600853971890876,0.4947955860744474,0.6501254401753422,0.011754244765469279,0.7655999034280805,0.013442354891678197,0.22193350718650526,0.06374292133253999,0.13775218090635405,0.012482623887825764,0.010572261677294428
calls_outgoing_to_offnet_duration,-0.04327875546889352,-0.1424058861902046,-0.017362694669324552,-0.08288108989262524,0.0300036646042262,0.5064296208082089,0.15655205251442786,0.21329971088092098,0.06755012702409544,0.2991030073346921,-0.23462763411292975,0.5390720044358562,0.4437283442050723,0.6608651324632925,0.6030944428217939,0.7980353189219902,0.34979387827648684,0.5756177981156788,-0.12710558187384283,0.022735401719198935,0.005674195393634946,0.0062920735644088205,-0.12710558187384283,0.7657364779691483,0.9040816999765038,1.0,-0.12710558187384283,0.024085445887359152,0.004094162224452567,0.00495346521044801,-0.12710558187384283,0.19421429708462296,0.09278376981519233,0.06316725861149765,-0.18539870574464404,0.06540559935750122,0.06574439776074593,-0.18539870574464404,0.11344291099541785,0.12234990452439064,-0.18539870574464404,-0.00035882847049216427,2.5961140595921743e-05,-0.18539870574464404,0.30156195480883086,0.05392207942940842,-0.0050477142498211785,0.0012078475536820333,0.009604050651362278,0.006289506011000843,0.016067684286674246,-0.08331472545523337,0.509632875003376,0.4343505159953815,0.6971406179148141,0.009499523170393397,0.8593554705133719,0.010377448159451515,0.18952330450802835,0.06322210225373813,0.11153485836860717,0.007853054023546064,0.009574715323524953
calls_outgoing_to_offnet_inactive_days,0.04757717517653788,0.6176188362711592,-0.032582244971563305,0.6138158185322634,-0.16646331958922694,-0.13988927272527257,-0.7839862096134699,-0.3754302294825985,-0.06527595656607742,-0.016599486322558293,0.09707605789619754,-0.0825319917553443,-0.13694175131336828,-0.17334480097209168,-0.12699334939248713,-0.1375462653974186,-0.1621005442890279,-0.2013176065520186,0.9999999999999999,-0.04761188816976836,-0.028952485152870328,-0.027261687893261985,0.9999999999999999,-0.13979221809883333,-0.13656992357401973,-0.12710558187384283,1.0,-0.05863433533140262,-0.03555677312968223,-0.03325297549260436,0.9999999999999999,-0.11014978702389265,-0.082984221392789,-0.09558913492434801,0.472489058091054,-0.0644515709072697,-0.057608542268714216,0.472489058091054,-0.08509633621157062,-0.09134153887621536,0.472489058091054,-0.05003436203525128,-0.04994052830656352,0.472489058091054,-0.1769681539200157,-0.02719378101020455,-0.10559103947727436,-0.021266992737497527,-0.02110681464758915,-0.01613273685158215,-0.017896588999621516,0.09154384863958713,-0.1429089715845571,-0.1611596750563309,-0.15160331471159028,-0.03196664169008611,-0.14310149489864168,-0.03683620535444317,-0.1237864230982277,-0.06793047211794563,-0.09985373485429962,-0.06023913107209579,-0.024028842094910442
calls_outgoing_to_abroad_count,0.03455603144153928,-0.06834043422196415,-0.005787861478474657,-0.03817924683682326,0.0968986911457151,0.24624782133662743,0.07244919055994668,0.10502287222872987,0.015183815344564781,0.10762500268644518,-0.10071883124720231,0.12074031524873728,0.21817910395500326,0.2719304808756939,0.2734372533459073,0.2233264126914308,0.17865332702877731,0.1584741942774809,-0.05863433533140262,0.7209085481280403,0.5552656462413234,0.5559362740177503,-0.05863433533140262,0.04640642729595515,0.031144270890958684,0.024085445887359152,-0.05863433533140262,1.0,0.6564784057294785,0.6706400841874279,-0.05863433533140262,0.06481450806839287,0.07478499831940148,0.04740930057689591,-0.09069729019898488,-0.003093968714361344,-0.016876611956941664,-0.09069729019898488,0.0018469048017046698,0.003310306674411676,-0.09069729019898488,0.474444595879227,0.43894786406683023,-0.09069729019898488,0.11995965903105643,0.015164563391932983,0.366442005659112,0.06078688819551867,0.0035664767416521766,0.0030676101822388635,0.01307778923600426,-0.009447837491687304,0.15451020656086165,0.2166487025063645,0.20204588163555584,0.4867229212627582,0.064152754899032,0.5588319989951255,0.07403161732679658,0.004180540184534393,0.02172633688172384,0.4219918464825462,0.027082082073494787
calls_outgoing_to_abroad_spendings,0.010491738458376872,-0.04002026517885834,-0.0013469753107606757,-0.023195601446651087,0.13854403440345706,0.30235211856386246,0.04390460525825438,0.06675373204941831,0.0033086752698632143,0.07763151868181396,-0.06606732349356306,0.08791633798270007,0.24951169844697202,0.15046896534071957,0.3544180900589743,0.26359385619656256,0.23839636130293537,0.17369799973518085,-0.03555677312968223,0.7797609286542782,0.9440376409597229,0.9146224918540468,-0.03555677312968223,0.0026326469641461516,0.007118200452391398,0.004094162224452567,-0.03555677312968223,0.6564784057294785,1.0,0.9364261813475889,-0.03555677312968224,0.05328054484252896,0.07299882882045518,0.03639079470230339,-0.055816038560093255,0.004646304607627505,-0.00938167358815128,-0.055816038560093255,-0.006227353240802131,-0.006021111771042609,-0.055816038560093255,0.5279958214254906,0.494584859068058,-0.055816038560093255,0.06848728140836537,0.004976536296033926,0.27068557507230434,0.0492252452103475,0.0005259510335291878,0.0012250993075844806,-0.002746980175906508,0.0001798755837124282,0.12687285325719494,0.23435748982116075,0.21302289483703535,0.8145911372887512,0.030406255053087753,0.8328086460657385,0.05812912994270725,0.0055963009418978325,0.006816342318533033,0.5140453594438883,0.0036269391399226508
